 AA BB F3 FF FF FF FF 88 13 00 00 EE 36 00 00 88 13 00 00 D4 5C 00 00 88 13 00 00 03 00 00 00 88 13 00 00 CD CB 00 00 88 13 00 00 00 00 00 00 88 13 00 00 00 00 00 00 88 13 00 00 10 47 AA FF AA BB 00 
 F3 AA AA B5 4F AA FF
[RX] [16:22:05] AA BB F2 3E C5 AA FF AA BB 00 F2 FF FF FF FF 88 13 00 00 00 00 EE 36 00 00 88 13 00 00 00 00 D4 5C 00 00 88 13 00 00 00 00 03 00 00 00 88 13 00 00 00 00 CD CB 00 00 88 13 00 00 00 00 00 00 00 00 88 13 00 00 00 00 00 00 00 00 88 13 00 00 00 00 10 47 00 00 00 00 00 00 00 00 E9 7B AA FF
[RX] [16:22:05] AA BB F2 3E C5 AA FF AA BB 00 F2 FF FF FF FF 88 13 00 00 00 00 EE 36 00 00 88 13 00 00 00 00 D4 5C 00 00 88 13 00 00 00 00 03 00 00 00 88 13 00 00 00 00 CD CB 00 00 88 13 00 00 00 00 00 00 00 00 88 13 00 00 00 00 00 00 00 00 88 13 00 00 00 00 10 47 00 00 00 00 00 00 00 00 E9 7B AA FF
[RX] [16:22:05] AA BB F2 3E C5 AA FF AA BB 00 F2 FF FF FF FF 88 13 00 00 00 00 EE 36 00 00 88 13 00 00 00 00 D4 5C 00 00 88 13 00 00 00 00 03 00 00 00 88 13 00 00 00 00 CD CB 00 00 88 13 00 00 00 00 00 00 00 00 88 13 00 00 00 00 00 00 00 00 88 13 00 00 00 00 10 47 00 00 00 00 00 00 00 00 E9 7B AA FF
[RX] [16:22:05] AA BB F2 3E C5 AA FF AA BB 00 F2 FF FF FF FF 88 13 00 00 00 00 EE 36 00 00 88 13 00 00 00 00 D4 5C 00 00 88 13 00 00 00 00 03 00 00 00 88 13 00 00 00 00 CD CB 00 00 88 13 00 00 00 00 00 00 00 00 88 13 00 00 00 00 00 00 00 00 88 13 00 00 00 00 10 47 00 00 00 00 00 00 00 00 E9 7B AA FF
[RX] [16:22:05] AA BB F2 3E C5 AA FF AA BB 00 F2 FF FF FF FF 88 13 00 00 00 00 EE 36 00 00 88 13 00 00 00 00 D4 5C 00 00 88 13 00 00 00 00 03 00 00 00 88 13 00 00 00 00 CD CB 00 00 88 13 00 00 00 00 00 00 00 00 88 13 00 00 00 00 00 00 00 00 88 13 00 00 00 00 10 47 00 00 00 00 00 00 00 00 E9 7B AA FF
[RX] [16:22:05] AA BB F2 3E C5 AA FF AA BB 00 F2 FF FF FF FF 88 13 00 00 00 00 EE 36 00 00 88 13 00 00 00 00 D4 5C 00 00 88 13 00 00 00 00 03 00 00 00 88 13 00 00 00 00 CD CB 00 00 88 13 00 00 00 00 00 00 00 00 88 13 00 00 00 00 00 00 00 00 88 13 00 00 00 00 10 47 00 00 00 00 00 00 00 00 E9 7B AA FF
[RX] [16:22:05] AA BB F2 3E C5 AA FF AA BB 00 F2 FF FF FF FF 88 13 00 00 00 00 EE 36 00 00 88 13 00 00 00 00 D4 5C 00 00 88 13 00 00 00 00 03 00 00 00 88 13 00 00 00 00 CD CB 00 00 88 13 00 00 00 00 00 00 00 00 88 13 00 00 00 00 00 00 00 00 88 13 00 00 00 00 10 47 00 00 00 00 00 00 00 00 E9 7B AA FF
[RX] [16:22:05] AA BB F2 3E C5 AA FF AA BB 00 F2 FF FF FF FF 88 13 00 00 00 00 EE 36 00 00 88 13 00 00 00 00 D4 5C 00 00 88 13 00 00 00 00 03 00 00 00 88 13 00 00 00 00 CD CB 00 00 88 13 00 00 00 00 00 00 00 00 88 13 00 00 00 00 00 00 00 00 88 13 00 00 00 00 10 47 00 00 00 00 00 00 00 00 E9 7B AA FF
[RX] [16:22:05] AA BB F2 3E C5 AA FF AA BB 00 F2 FF FF FF FF 88 13 00 00 00 00 EE 36 00 00 88 13 00 00 00 00 D4 5C 00 00 88 13 00 00 00 00 03 00 00 00 88 13 00 00 00 00 CD CB 00 00 88 13 00 00 00 00 00 00 00 00 88 13 00 00 00 00 00 00 00 00 88 13 00 00 00 00 10 47 00 00 00 00 00 00 00 00 E9 7B AA FF
[RX] [16:22:06] AA BB F2 3E C5 AA FF AA BB 00 F2 FF FF FF FF 88 13 00 00 00 00 EE 36 00 00 88 13 00 00 00 00 D4 5C 00 00 88 13 00 00 00 00 03 00 00 00 88 13 00 00 00 00 CD CB 00 00 88 13 00 00 00 00 00 00 00 00 88 13 00 00 00 00 00 00 00 00 88 13 00 00 00 00 10 47 00 00 00 00 00 00 00 00 E9 7B AA FF
[RX] [16:22:06] AA BB F2 3E C5 AA FF AA BB 00 F2 FF FF FF FF 88 13 00 00 00 00 EE 36 00 00 88 13 00 00 00 00 D4 5C 00 00 88 13 00 00 00 00 03 00 00 00 88 13 00 00 00 00 CD CB 00 00 88 13 00 00 00 00 00 00 00 00 88 13 00 00 00 00 00 00 00 00 88 13 00 00 00 00 10 47 00 00 00 00 00 00 00 00 E9 7B AA FF 
AA BB F3 00 00 00 00 88 13 00 00 C2 3F 00 00 88 13 00 00 3A 59 00 00 88 13 00 00 00 00 00 00 88 13 00 00 94 C6 00 00 88 13 00 00 00 00 00 00 88 13 00 00 00 00 00 00 88 13 00 00 68 30 AA FF AA BB 00 
F3 AA AA B5 4F AA FF
